vodafone = [40.712784, -74.005941]
verizon = [40.710813, -74.001181]
omc = [40.752347, -73.984061]
virgin = [43.052563, -74.346557]
aa = [40.746334, -73.982464]
silverlake = [40.763861, -73.974794]
publis = [40.750086, -73.987218]
TFS = [40.681878, -74.311915]
